#     tau          Re(Sigma(r,tau)) Im(Sigma(r,tau)) abs(Sigma(r,tau))
  1.35924220E-03  -4.96707591E-01  -2.75767594E-13   4.96707591E-01
  7.22802769E-03  -4.82781170E-01   2.43038301E-13   4.82781170E-01
  1.80666459E-02  -4.58249901E-01  -1.17064204E-13   4.58249901E-01
  3.43992412E-02  -4.24001648E-01   6.55671391E-14   4.24001648E-01
  5.70789702E-02  -3.81329372E-01  -4.12036291E-14   3.81329372E-01
  8.74138514E-02  -3.31955776E-01   2.62656264E-14   3.31955776E-01
  1.27349980E-01  -2.78096289E-01  -1.68473208E-14   2.78096289E-01
  1.79722785E-01  -2.22531236E-01   1.08556100E-14   2.22531236E-01
  2.48579503E-01  -1.68583860E-01  -7.08344285E-15   1.68583860E-01
  3.39572975E-01  -1.19820370E-01   3.90093653E-15   1.19820370E-01
  4.60444498E-01  -7.93411409E-02  -2.63816400E-15   7.93411409E-02
  6.21654224E-01  -4.88581152E-02   1.31856954E-15   4.88581152E-02
  8.37247777E-01  -2.81492302E-02  -7.41939174E-16   2.81492302E-02
  1.12605297E+00  -1.53836629E-02   3.51381027E-16   1.53836629E-02
  1.51330994E+00  -8.11130924E-03  -1.80028925E-16   8.11130924E-03
  2.03287037E+00  -4.18323550E-03   1.00268648E-16   4.18323550E-03
  2.73015307E+00  -2.12584145E-03  -5.41320936E-17   2.12584145E-03
  3.66611099E+00  -1.06774630E-03   2.61893832E-17   1.06774630E-03
  4.92255363E+00  -5.30958382E-04  -1.38894057E-17   5.30958382E-04
  6.60928435E+00  -2.61850147E-04   6.04142257E-18   2.61850147E-04
  8.87366452E+00  -1.28344732E-04  -3.81999306E-18   1.28344732E-04
  1.19134107E+01  -6.27065787E-05   1.95046994E-18   6.27065787E-05
  1.59936722E+01  -3.06710458E-05  -1.06562260E-18   3.06710458E-05
  2.14697095E+01  -1.51173040E-05   4.72125903E-19   1.51173040E-05
  2.88167393E+01  -7.58415448E-06  -2.91567879E-19   7.58415448E-06
  3.86685549E+01  -3.93042925E-06   1.63831820E-19   3.93042925E-06
  5.18659072E+01  -2.14627294E-06  -8.13283759E-20   2.14627294E-06
  6.95132220E+01  -1.26286098E-06   5.45746411E-20   1.26286098E-06
  9.30354923E+01  -8.15275560E-07  -1.56070052E-20   8.15275560E-07
  1.24210926E+02  -5.80731917E-07   1.20499757E-20   5.80731917E-07
  1.65120525E+02  -4.52497080E-07  -1.25803851E-20   4.52497080E-07
  2.17896574E+02  -3.79559977E-07   9.09336909E-21   3.79559977E-07
  2.84092545E+02  -3.37452314E-07  -5.07409985E-21   3.37452314E-07
  3.63566861E+02  -3.14166244E-07   3.61528667E-21   3.14166244E-07
  4.53228650E+02  -3.03771611E-07  -3.49931048E-21   3.03771611E-07
  5.46771350E+02  -3.03771611E-07   2.95917733E-21   3.03771611E-07
  6.36433139E+02  -3.14166244E-07  -3.71702123E-21   3.14166244E-07
  7.15907455E+02  -3.37452314E-07   5.19868903E-21   3.37452314E-07
  7.82103426E+02  -3.79559977E-07  -9.00394611E-21   3.79559977E-07
  8.34879475E+02  -4.52497080E-07   1.28436696E-20   4.52497080E-07
  8.75789074E+02  -5.80731917E-07  -1.10851033E-20   5.80731917E-07
  9.06964508E+02  -8.15275560E-07   1.80597230E-20   8.15275560E-07
  9.30486778E+02  -1.26286098E-06  -5.26051437E-20   1.26286098E-06
  9.48134093E+02  -2.14627294E-06   8.49649059E-20   2.14627294E-06
  9.61331445E+02  -3.93042925E-06  -1.63000071E-19   3.93042925E-06
  9.71183261E+02  -7.58415448E-06   2.89960028E-19   7.58415448E-06
  9.78530291E+02  -1.51173040E-05  -4.61185151E-19   1.51173040E-05
  9.84006328E+02  -3.06710458E-05   1.05971934E-18   3.06710458E-05
  9.88086589E+02  -6.27065787E-05  -1.85095923E-18   6.27065787E-05
  9.91126335E+02  -1.28344732E-04   3.96911064E-18   1.28344732E-04
  9.93390716E+02  -2.61850147E-04  -6.46621219E-18   2.61850147E-04
  9.95077446E+02  -5.30958382E-04   1.39410223E-17   5.30958382E-04
  9.96333889E+02  -1.06774630E-03  -2.55158695E-17   1.06774630E-03
  9.97269847E+02  -2.12584145E-03   5.51378016E-17   2.12584145E-03
  9.97967130E+02  -4.18323550E-03  -1.02040065E-16   4.18323550E-03
  9.98486690E+02  -8.11130924E-03   1.94986742E-16   8.11130924E-03
  9.98873947E+02  -1.53836629E-02  -3.85747434E-16   1.53836629E-02
  9.99162752E+02  -2.81492302E-02   7.88498558E-16   2.81492302E-02
  9.99378346E+02  -4.88581152E-02  -1.35267487E-15   4.88581152E-02
  9.99539556E+02  -7.93411409E-02   2.59425149E-15   7.93411409E-02
  9.99660427E+02  -1.19820370E-01  -3.87942059E-15   1.19820370E-01
  9.99751420E+02  -1.68583860E-01   6.81208978E-15   1.68583860E-01
  9.99820277E+02  -2.22531236E-01  -9.96407534E-15   2.22531236E-01
  9.99872650E+02  -2.78096289E-01   1.57592701E-14   2.78096289E-01
  9.99912586E+02  -3.31955776E-01  -2.69102900E-14   3.31955776E-01
  9.99942921E+02  -3.81329372E-01   3.99195193E-14   3.81329372E-01
  9.99965601E+02  -4.24001648E-01  -6.17150936E-14   4.24001648E-01
  9.99981933E+02  -4.58249901E-01   1.13554404E-13   4.58249901E-01
  9.99992772E+02  -4.82781170E-01  -2.54390430E-13   4.82781170E-01
  9.99998641E+02  -4.96707591E-01   4.03034985E-13   4.96707591E-01
